[15.501498763765714, [10.81860861557988, 8.8656760349048653]]
[14.25675725182332, [5.381976690831257, 9.9398665355669369]]
[7.5144851137866215, [-1.2860398898493861, 4.3845175809883594]]
[14.088119881694926, [9.6701323782721467, 8.7077015083406657]]
[10.458445056194428, [8.5017009901844407, 6.8283526809118174]]
[8.0756139254681365, [1.2865363698127115, 6.5069093049842692]]
[10.407294325730682, [2.8655283875383275, 9.9800714188742621]]
[19.030119236057928, [10.252193091119784, 11.004930135443988]]
[16.008195802594351, [6.7324440341836871, 9.5818087822361022]]
[10.086122102899481, [5.4170245475975367, 2.2298313216135091]]
[7.3871515824906808, [3.3463209025166778, 4.2993026620566361]]
[17.27889638842889, [7.700122527305191, 8.3465128709753511]]
[5.476084495904006, [2.0735603056253806, 2.0565080421665396]]
[8.6695348866876003, [0.51295788716687052, 4.6615845419184945]]
[7.9322615007837136, [8.820822407265382, 1.174802084212293]]
[8.3520888087808913, [7.7474811371880712, 5.3610144712892076]]
[10.694665289961886, [7.9948012282989342, 0.66367158396692694]]
[11.31976465170095, [4.8652137227574181, 5.9346501118612167]]
[11.291550574423086, [0.6125606763389595, 11.022766626863532]]
[7.4607177068162045, [3.2140682809575081, 7.4727174037817132]]
[7.2799478606446524, [3.6931256711438518, 3.5215111632091389]]
[13.780135904189356, [8.1344716891541964, 3.1250983308969955]]
[13.44179718517676, [5.8907602646574997, 1.4166354337364062]]
[12.411249493606949, [4.9897035275296, 6.1465295297888618]]
[7.2207221687191696, [3.861678764372126, 2.7763423998793355]]
[12.421628393820257, [9.2465472468810397, 0.60505137016282418]]
[6.4286235646776166, [4.962849221343979, 2.487679761786656]]
[17.056985745084599, [10.123374770252962, 8.250233555195253]]
[12.45458146670757, [5.2646072397633725, 4.2988545758448469]]
[7.8450641482101906, [4.5447995586490322, 3.7459680228295]]
[14.32394451366647, [4.1857124386173563, 9.6767018501095219]]
[6.2540893630056811, [4.8015325187173401, 0.38490739300889132]]
[14.434059976698538, [4.5637145172809834, 9.367144861492033]]
[12.809591947276623, [2.2394846947046849, 6.1574066569198314]]
[16.071372581197217, [8.1074717140831751, 7.9510566423252742]]
[3.3598048020231266, [-1.13946202898436, -1.9322651268838082]]
[17.115344246072389, [9.3188613654898109, 7.3525774420491796]]
[6.7749124439955564, [7.9627333443490498, 3.133517946927006]]
[8.9396932065301584, [1.3466440805659077, 5.0447415428126368]]
[1.7599741898490395, [0.99497196338099103, -0.34142354076429049]]
[13.124106089213374, [6.2658492506978556, 7.1285625996279878]]
[17.145983618465412, [9.3513592787662194, 10.934655726259068]]
[5.6061431982398862, [0.62685422045797456, 4.0862229144369691]]
[9.5631905744585239, [4.8174565061770274, 8.1131101722836192]]
[16.616882994237315, [6.5072475490532842, 11.73105761395872]]
[10.217014179208013, [7.5039524957941115, 3.5491777761026135]]
[5.2144132869871456, [5.2581923813839895, 1.7988159171138718]]
[9.9569090503464643, [3.7881979595717414, 4.059547709799757]]
[13.301350201199584, [3.5319543076782143, 8.4462564386367376]]
[4.7331280155229232, [2.4459507580954565, 4.0716646095693179]]
[10.627041754986202, [10.917634028967138, 1.9480175024108475]]
[7.9612260932385173, [2.8459299216008231, 6.2842463226695964]]
[11.256340542125898, [5.1646734810100234, 3.9768130303144549]]
[10.692711853353671, [10.220657233751728, 0.66524997307877665]]
[5.1082060108999112, [3.6174193530403818, 0.91314108822369566]]
[9.3636574537394637, [3.8561975666283481, 4.8020682672476136]]
[10.244837463650647, [5.0820313783728617, 9.2042916714565379]]
[9.633579075469461, [5.0219184787229292, 0.90746333789019773]]
[5.0367285968803621, [1.282952501898504, 5.7683537593353664]]
[11.29379875281899, [7.9333042709479544, 4.5817149993754018]]
[6.3611581895886236, [-1.428966671101304, 2.7923621284884419]]
[12.470587088055034, [3.2643345130571197, 7.8079641729689984]]
[5.8966062777109114, [0.9021991714577291, 3.110329645132861]]
[7.5255836955419229, [4.4424636377413904, 0.66560664091348698]]
[13.548119522839002, [6.6931546038762253, 3.8969222153699592]]
[9.0916326622450327, [6.3798939680691626, 1.5928527532837524]]
[9.760965207897625, [10.298420564896839, 2.1274916117758713]]
[10.456346700568645, [4.5470423850795738, 6.5640103741699001]]
[17.504416587379563, [9.0829733604782916, 6.8279756073229354]]
[12.829212969241393, [6.4310758158416421, 7.4242880104068654]]
[8.154656887273056, [5.1143992235772746, 1.4847225205568793]]
[7.8126697549191366, [3.2471278444540457, -0.29207454570661329]]
[17.074930878409429, [5.0605090293336117, 8.8784314111777505]]
[15.903676709787645, [3.1254058405941114, 7.7594015068512787]]
[9.6239941446489787, [0.84413537483272638, 7.8920604290689864]]
[8.9578700327883016, [6.5233947586971794, -0.69779659902423252]]
[1.2919806786267107, [1.3501444218180259, 1.7387530311911754]]
[12.562501862611718, [9.3385267493863076, 3.0707282213787579]]
[13.520240424706724, [8.5854199656569712, 4.8138362509205637]]
[5.7141073984236321, [4.4606789293164022, 3.443970879804648]]
[11.111790078418332, [7.5025149954652708, 2.522785075592636]]
[17.94054030381637, [9.5346789144063671, 10.099704416666739]]
[6.0268466457089112, [5.673584557037417, 3.1436316658222712]]
[11.452412065610496, [4.2439876109150934, 2.8462506263646148]]
[13.159722038047981, [4.4270458305431912, 6.0115738926576547]]
[3.1519966711415117, [2.3352683733245683, 5.7924343152396789]]
[14.092340063843013, [6.493919373887211, 5.5559164028151313]]
[11.995417707816678, [7.3529710204065788, 5.0684526560433776]]
[12.976030346443565, [7.6984670776568134, 1.4849571704873075]]
[13.429428708045759, [4.700074287470982, 7.046820998572179]]
[18.334952869535059, [8.3220543995902467, 8.6687551442953126]]
[9.6309060558032549, [5.8236108588850959, 4.4124884541126796]]
[17.851299500937508, [8.243674252982844, 7.4048495851067218]]
[6.7324266114212898, [4.6204785650793516, 2.2885834784214767]]
[14.002588483162636, [9.1943235588210417, 9.697274572786565]]
[16.942995061196925, [10.742069208820928, 7.5029571880683239]]
[12.866837081019417, [5.1351472201217687, 4.7113618782955005]]
[18.310529234961614, [11.168249373118551, 9.0219186702411012]]
[14.880091063289363, [10.134706470035091, 8.1599257083049821]]
[17.328120509114918, [8.0584399156160558, 9.5035833512044174]]
[12.829194451903668, [6.4348233538400192, 4.5056957457670226]]
[12.411209757827404, [6.2852410478964025, 1.9776490293066114]]
[10.860371174846968, [2.6670057328166892, 8.7211214238404313]]
[6.5543851184718571, [3.7951298601429522, 3.0181970773642774]]
[7.3141305404600976, [7.8530254312133581, 0.36335691725480312]]
[7.8960586566607134, [1.5565060663063575, 3.2629470435893189]]
[13.201962533712569, [5.0343769848980191, 10.967123357761139]]
[10.31250769210598, [10.364954595461876, 0.84942520579872638]]
[13.545360255732124, [3.8642214639575378, 9.7041573777363705]]
[4.1586671067968375, [0.79361184145493047, 4.219999462956844]]
[16.161974769972034, [9.8062766153792946, 9.0893470801000991]]
[7.1418733798630427, [4.7897069246137507, 3.4876445707731039]]
[3.6435713134197023, [4.0666932871836208, 3.4636112812391651]]
[12.704404723752903, [7.6709303674653437, 3.8981188618250195]]
[17.010831223789737, [8.2661805067073448, 9.2578578978387061]]
[9.511653124570449, [2.462197334304804, 4.280570726562436]]
[5.1153540506568431, [1.9584313200930117, 0.77749583423134039]]
[7.3555284591314161, [0.032092081426728591, 4.6484072936042873]]
[16.816372488998439, [8.3293242664238392, 9.5201732061135864]]
[16.902037592909746, [9.3592452447643648, 11.581184461095825]]
[7.3451850408148021, [1.5049822777600164, 5.3041768234564755]]
[6.0987213013632751, [3.351981542121734, 4.8514224319000459]]
[7.2230937827976742, [3.055429667129085, 0.89998376331115182]]
[5.0912519271785239, [2.9476011064087833, -0.11606635688824418]]
[11.128871986392392, [3.669188204347682, 6.6129113452528792]]
[5.4520687601140025, [1.9638038743550172, 1.3125610311471019]]
[9.7223148124370908, [2.0294707866754003, 6.2102706155306659]]
[3.4521239169823414, [1.4595765408616854, -0.55208026777237973]]
[10.357834510423764, [4.0142314667966783, 9.9663376930290219]]
[7.1392605455731566, [0.075075861393990029, 2.9491722376189791]]
[15.553671610972421, [7.6992461095255038, 8.0156257890305653]]
[7.6239136779612497, [6.5099313124006972, 2.3097903044591162]]
[14.982462692128642, [7.7831549027820763, 8.4242644008487311]]
[10.481177302147486, [9.2927033855459573, 4.0560415273012325]]
[14.39938297317692, [4.675157277847668, 5.8978655410402858]]
[4.6397495358319212, [0.62361865721520204, 2.6110030324934628]]
[12.097360097612601, [9.2352274471569586, 3.7024992473192384]]
[13.138460010861223, [2.8295973164675048, 10.06613749242333]]
[7.831469968626414, [3.7735597492645785, -1.1794124391211052]]
[9.3495644188573124, [1.8500253502778974, 6.6579143944483228]]
[14.488016529175567, [4.5261808305309561, 7.6564856483819455]]
[7.8189612211623905, [5.8872654150785309, 2.7979136455135087]]
[9.330186891570925, [2.9063223594321954, 6.1165951144884918]]
[14.517071331467104, [5.8583434398781566, 5.7705317916689145]]
[10.186742432159843, [-1.5977438701202742, 6.7253210438466509]]
[4.6354645956831018, [1.4140078728971988, 2.5569371454358327]]
[13.176352611420397, [1.0751615015116409, 9.4068519796961709]]
[16.046338624150884, [7.2458985286020354, 7.0906894569712104]]
[10.596116176377778, [8.0035322801556266, 5.9903539136574331]]
[13.837613083145309, [9.8808913160907306, 7.7229888064054188]]
[6.7256193245725342, [4.6509067315536363, 1.7523339821959836]]
[12.695918097229601, [3.22541965887685, 5.9436655593640282]]
[9.9357226327671953, [8.3397283771862334, -0.99982082235013559]]
[3.4558724033131436, [3.3251360372199681, 1.4182269266064862]]
[1.8427037051031436, [1.2458332701354315, -0.033229319401805762]]
[4.0288280526546405, [0.73684513758050074, 3.5266225603739745]]
[6.304083355922713, [0.58477190406547974, 2.7500830632487938]]
[15.155602313089219, [11.115471303030096, 6.9870184580426455]]
[11.023509205569685, [2.2281230917350636, 10.571129464099412]]
[5.3942153665685177, [-0.59348742136940535, 3.6942916849408474]]
[10.419141928728566, [8.8439815557045272, 2.6713277634844519]]
[7.7482434428279134, [3.48179327794056, -0.021027813384270178]]
[11.040363888162091, [7.7342741377764668, 6.3776017682983062]]
[6.9293556046631597, [2.3851671138012716, 5.1609050001516064]]
[15.654431634334024, [4.9083705440349279, 8.3286846194202937]]
[10.361957052874157, [5.7495130766841624, 4.9786103530114696]]
[17.624072370198324, [11.870901619796641, 10.304008855441039]]
[10.035397052210472, [1.2243736472781035, 8.0787091555702766]]
[11.571696018683365, [4.8143613506830638, 5.5227483938335791]]
[15.658938180653713, [6.0887127834102168, 8.1886508833167699]]
[14.55496847709121, [8.2818205145229449, 5.0874188551072885]]
[11.904332569480053, [7.3451518387022263, 4.5495752680681338]]
[12.341062456420094, [3.2442462677294523, 9.387002949368938]]
[8.8211900658230711, [0.62460968914522019, 10.536736063784087]]
[9.9215675038606044, [0.16208318348736084, 6.040325451415713]]
[8.2500942051534096, [5.0306152881988444, 2.2363448630528939]]
[7.281688494142502, [3.6401098260234521, -1.3342623754453256]]
[10.489010138866457, [9.5543062152639298, -2.4945137586928516]]
[2.5916389060824194, [2.5235504186656437, 0.23071494899727574]]
[16.459647940075381, [8.9780594410409602, 6.7428279130342137]]
[14.900103178343361, [6.9745283405448575, 10.27236224422526]]
[9.5023565806007486, [-2.1427286270406514, 5.0384993250094867]]
[1.767457748027097, [0.017026604048273053, 0.95023947091875094]]
[9.2417315947047456, [7.0101662118617583, 8.2859905160811689]]
[6.1974326304409839, [2.9131488942616866, 6.0711628410363891]]
[7.4019898228064083, [1.8610579726279015, 4.7419042465483017]]
[6.0917242125199911, [3.5058749089714185, 0.61518259881147086]]
[16.127893216457977, [10.076921432922044, 8.2790368340761695]]
[6.4751985511447128, [1.6183155654546164, 0.7165001165304401]]
[7.1756944977061821, [1.4966090027305445, 6.4377415245366842]]
[4.8798218104684015, [3.2171491080148265, 5.2205843154741274]]
[7.8281171292202423, [3.8071312736856999, 2.4908599776917066]]
[5.4418107911680309, [-0.40378984021801972, 4.755577685126207]]
[8.0101043480118186, [6.9041966780263886, 3.5850362611869397]]
[14.747840209144838, [6.8128892034775621, 12.519316471953346]]
[13.877296205329447, [8.5009320068826, 6.6430898041570474]]
[10.579209629536162, [6.2197051337774001, 3.1707819346635269]]
[5.8028459062006892, [5.193113039659961, 0.86653779129803432]]
[16.873236084108086, [5.7716664035919552, 8.4892093842445053]]
[14.062501350190686, [2.4827040539186163, 7.9716533456588543]]
[12.777271831170426, [2.0519222514302187, 5.1380892795500017]]
[14.67424441393884, [6.7948178805281092, 5.6615194401503617]]
[8.6568635400046254, [3.896112864000346, 5.839228377297994]]
[2.8937323709531504, [0.62869324633853396, 1.1336529398172543]]
[0.85775181315153159, [0.36314385011081141, -1.1452509789326817]]
[10.515860965622661, [-0.079969285437444082, 8.3295744735416513]]
[15.961539464982899, [10.719858520832869, 9.6358047680542267]]
[13.023702822051256, [6.027860022356796, 7.859563251166322]]
[12.937670643904488, [4.8984575394268282, 10.108295699337518]]
[13.625160469110877, [3.9703540415035632, 9.3940374375408311]]
[8.1984063543969086, [5.4526022682064648, 0.05878717906908304]]
[5.3888364256857573, [-0.22508142246318097, 7.0114507867255167]]
[9.2615594236811276, [-1.2440844417247665, 8.3540587729241516]]
[4.2441654525602743, [4.2123625938870424, 0.032351053498994364]]
[12.269335798000878, [1.093477193452983, 8.7020664041693632]]
[11.779113041641285, [4.0663190024076474, 5.4670636861880677]]
[9.7824461158616689, [1.349493659153516, 8.0754686652412229]]
[10.660801185926399, [5.1406865765287995, 5.9437292891055673]]
[14.657242767636351, [7.0672479871456337, 6.1827213408456148]]
[5.1929382795807815, [6.0992977275853626, 1.1529110756374457]]
[8.0596097180463815, [4.0573750612094432, 5.3758526908087214]]
[11.563878830254218, [2.0803276666804851, 10.003733786856639]]
[8.4375504528693508, [6.1844410765332052, 1.3506266989294802]]
[2.7954460965354055, [3.5222691072975949, 0.45704130155668143]]
[3.0640686504485277, [-0.15103353056730207, 1.3243330106890503]]
[12.405697889084067, [3.227612668156707, 5.8520178391089619]]
[3.8831173956484766, [2.0331409099803888, 1.1941463314221255]]
[10.389297702389452, [7.7719185444551799, -0.98098032316171169]]
[11.935497289264488, [4.5584019014515675, 6.589270485377436]]
[3.3686840822983424, [3.2945115904546505, -0.048225580200808915]]
[12.898790561638075, [9.0338750015809666, 3.1709470411757126]]
[5.9698174239005226, [1.6008228785507224, 5.1209057069432102]]
[7.107598767487894, [1.2844141971690808, 8.9897726094562014]]
[3.7959439930583527, [0.79440437956056087, 1.9342043760206002]]
[9.1427864501968603, [2.0899748191274634, 6.6040023167053405]]
[10.519636766104984, [4.4728264122288541, 2.1355987533289609]]
[13.398733507598518, [7.2533779616748983, 7.2718878222741514]]
[10.103836568535161, [3.3438959992453952, 6.6034566406436657]]
[13.237085226954386, [11.330813198659719, 3.8651402853051344]]
[10.354358175432727, [5.396503687382479, 3.3048861169886274]]
[15.35146841867042, [4.9306613424533365, 8.2955449519568294]]
[4.507983552909586, [0.80613065677541096, -0.27659208301377869]]
[5.6888246950157662, [3.2344109518797071, -1.3468415415556718]]
[9.3346471877613464, [4.5527952551873625, 2.7492554786750953]]
[4.9343603796793172, [0.81055510619932503, 5.2361245864096588]]
[1.5695003220856696, [1.4254897164321609, 0.41987242405692543]]
[5.3707363591805732, [1.4923010514935342, 2.8853624562954563]]
[10.046810880057283, [1.663733257154957, 8.6978602498138109]]
[17.655645935545238, [6.1130973205761991, 10.166046156430941]]
[5.3039896737950727, [0.93066021555180012, 2.7451763301702714]]
[9.2077256855210035, [9.4303261368848919, 2.2976053874839502]]
[10.410445262252564, [6.9034488386598118, 4.9697108795983276]]
[7.0982024571886733, [1.6207754916767969, 3.9695031658541367]]
[8.8572056824885177, [3.0986934641073947, 2.2470952670220887]]
[7.4266708246641135, [7.0212945874029122, 6.5157751277087659]]
[8.785881735412719, [8.2956518324339559, 1.7094243252864412]]
[7.8085592656524865, [7.8670842519431856, 3.0982663404472448]]
[12.869997585136609, [6.9302421668917393, 6.9562863211649937]]
[10.956397364704426, [0.029138698482156444, 8.9776171338722985]]
[8.1238662348816568, [3.4016404968229068, 3.0163893321930155]]
[13.084255794580841, [4.7841353821254362, 4.8763336952103016]]
[4.0712573537433885, [1.7876400093629452, 1.1921262008006792]]
[9.2783419179881985, [6.4359524777042161, 0.30344149929791014]]
[6.0369063774729357, [4.7451805412206038, 0.67190524828358777]]
[10.122138723884634, [8.8073792369179937, 1.3204476388296038]]
[12.503582494481474, [10.965474913695562, 2.3399734461420505]]
[12.00054099551982, [10.56998342836728, 3.2186875816287386]]
[13.842268411969645, [9.6881199430300988, 6.0563402011790108]]
[6.512864345395128, [-0.48735098250112141, 5.0520723977623225]]
[10.493067247878511, [6.041922827582086, 3.9371874830651126]]
[4.2495628343635055, [2.343867764396605, 3.7952067580127333]]
[3.9777342632275303, [0.37063204877067091, 1.0360283296031054]]
[16.411732484980032, [9.9934525037580375, 8.0090152309814044]]
[16.692570268302426, [7.943474593639988, 10.393033504365359]]
[7.3495774780188121, [0.90061166871756482, 7.743294122993988]]
[16.957599034042016, [8.6491538687080585, 7.6743668892339798]]
[5.1364457872093263, [4.6687026949645478, 0.55856239972312371]]
[5.9131044021560166, [-0.48817400491036589, 6.6572039474106699]]
[8.8708262171655772, [1.3544007451052118, 7.4910547811728865]]
[1.1621748930142772, [0.17158035564558394, 1.0230846116173244]]
[5.1468621364630041, [2.4117503505706828, 7.0055376205460753]]
[6.9436716347187062, [5.0878764596114197, 4.2666064776793045]]
[18.020914246900752, [10.189400300199486, 8.6028114574382695]]
[8.9209716215784489, [4.9700257307140365, 5.7308039639538579]]
[9.1338568878661128, [0.51562132409187256, 8.7149682062699654]]
[7.4396069500888347, [4.1131851222435651, 2.8462160860730492]]
[14.840077711175491, [5.4549731538342812, 7.2073155347684841]]
[8.8809082181887309, [6.9820824408981572, -0.111563211796537]]
[17.621251162044473, [8.5009788253272536, 9.9426208437716213]]
[4.1043536316277143, [4.3644130727894854, 5.2623824166484727]]
[9.5061984005815106, [4.5768516660411969, 9.5493375287851983]]
[7.8626865233052019, [5.9039198583412933, -1.7198505342722328]]
[15.579979368963805, [4.5461481355881084, 9.047976013295715]]
[0.63940567151662964, [-0.39810531247197412, 0.88787105787903742]]
[16.145694918792124, [4.4873022324709071, 8.2083107661663117]]
[10.469638329593822, [7.2374464359812336, 1.7665796968488461]]
[16.816737346040142, [6.9869921499748635, 9.2598451462013056]]
[12.367253623566537, [2.732283583691395, 10.765834778201324]]
[4.8247202340869642, [3.684561362297512, 3.1461228853616832]]
[16.698452419651026, [8.7643650019836929, 9.4321874526495773]]
[0.32969920716647838, [0.59725344099496924, -1.4034253536107104]]
[8.7921433580770429, [2.388506411535289, 5.2312676343488391]]
[11.132320923483952, [2.5614370797461317, 10.262862613209242]]
[7.9912506553836993, [4.4809369489503323, -0.0033235864393093189]]
[8.1897283780763228, [1.3278530192112776, 6.1903261341948799]]
[13.810648004128627, [8.2953719726051247, 6.0393524284921831]]
[8.9729614123634125, [2.8477856383105564, 6.6187899281249454]]
[17.832754760432152, [8.5381985591811294, 10.250057618021881]]
[7.6949046716578593, [6.5682542435940299, 0.44073386476013976]]
[13.773795659071478, [6.0928035247511954, 4.109225623650441]]
[11.970426455208475, [5.6027238074928087, 5.5414798773620184]]
[8.2534019924039015, [-1.4247138457227206, 6.7267113467376873]]
[18.282535026361902, [8.0031802105155947, 8.8822799460233899]]
[4.4717471730899998, [2.9939927852823902, 4.1778138231832997]]
[15.837383118173827, [8.6105255359209938, 5.7594897939681546]]
[9.8628056858149904, [5.5183873329602084, 6.6722607965253413]]
[10.174877919329141, [6.2338704816933292, 5.0353867390446236]]
[7.0137189519636873, [-2.150948816000374, 7.3725340272071467]]
[19.302725633020405, [8.4769722888614574, 9.5973128674234598]]
[4.3687482495284087, [-1.4461686108306044, -0.075711489772399609]]
[11.752312299578135, [6.3703877688531305, 5.4927957591292049]]
[15.260931663710954, [9.461348568394353, 5.7472655746405588]]
[13.214713175495476, [4.3205159986517705, 8.8486722453267834]]
[13.396324606240345, [10.112783907040809, 3.8409124061280999]]
[2.1641338334828895, [1.5402233987437075, 2.451572927615377]]
[12.437897041987, [4.0315838462392879, 11.637933632681452]]
[12.887777112183294, [7.8087780898530452, 5.1307947220687282]]
[11.041138970944051, [2.3902104656854792, 9.6897428958894203]]
[5.4351135488237023, [7.9274171166610143, 2.0471784982305055]]
[7.9607284977628474, [6.2757423891128186, -1.2674319399732001]]
[11.688266236915572, [8.5946894037565578, 4.3746657270683995]]
[7.5678430868466453, [1.5830581172623273, 6.7317475423939666]]
[9.1229860679933772, [8.154209261565768, 6.2325909025117729]]
[9.3546062079232275, [1.5821441152953499, 10.641280910707948]]
[10.48535814323961, [7.1887927977257826, 7.2255343401928167]]
[2.7939852541170507, [2.1708991069908739, 0.69004272220220508]]
[11.212729557868929, [1.1386878342794344, 8.5257046078427798]]
[4.3379571339721448, [4.3329648892604586, 5.1025710896954282]]
[11.723722953948052, [7.2019068179146197, 5.9466433898051152]]
[13.415133451024767, [6.545694293260782, 5.38875134770913]]
[11.117495201644024, [4.8906485154115424, 9.5553660127261058]]
[11.688638359861589, [2.6215757947467151, 6.8562710698474962]]
[12.736275584969555, [6.9663220019538663, 7.3382307905447899]]
[10.339805378571295, [7.3469436975040878, 6.4307979674680755]]
[9.4158931037365239, [-0.90740119689099419, 9.2633513693162897]]
[10.053403709808311, [2.0672246965260088, 12.40882458443672]]
[8.5488283477378051, [10.379320860092436, 1.9188941501622576]]
[17.875028720133862, [6.5672715606583516, 10.010591986981233]]
[6.6543378823412329, [-1.4310087790552375, 5.7628150940083271]]
[9.8560427010059399, [5.6907445323903589, 2.4032146478205232]]
[9.136938834582331, [7.0572642500581795, 3.0727422409144629]]
[10.85058601321483, [7.3641166088849523, 0.74992005355790381]]
[14.315333474745598, [7.6418775297571671, 3.7324891759692611]]
[3.3293066421772988, [1.5318822950117263, 2.6563284961367462]]
[17.915745976370012, [8.6264586147645907, 7.0220036324712298]]
[8.9219755681767836, [5.3646600284758428, 4.526017107824198]]
[1.1380882291830752, [-0.30963719398942191, 1.9790395224224993]]
[15.264619939491594, [6.8033917239792263, 6.2797222547707738]]
[10.373347953591383, [-0.87701826921205206, 8.543705318293334]]
[10.358434850813538, [9.7840187167572576, 3.7716213617730627]]
[12.679442841834582, [5.284241453183733, 4.4891581047566653]]
[12.205258603105918, [4.0507733173724692, 9.3264264910208734]]
[14.433508804776864, [9.0573143602362194, 5.4616867062724896]]
[6.9701686850057225, [0.555403688126892, 4.6862204267674255]]
[12.090217458766173, [6.6136064574915672, 4.6229437445086692]]
[11.350143820145595, [3.6741629478849376, 8.8202488072148562]]
[2.1937149050803679, [-0.22286301910361964, 2.9644137504549777]]
[2.5072196068865171, [-0.53597082810466734, 2.3228419274805709]]
[16.32805904734564, [6.4410863522311557, 9.148120457291526]]
[9.249407968373724, [1.8704213215430823, 8.0994767467279392]]
[15.957602343349444, [6.5361777820922455, 11.370450134827868]]
[11.310389716920325, [8.9031657192946216, 0.11718169986627713]]
[12.31124812334253, [9.5015472703348216, 6.7431513527260343]]
[1.9338988223216391, [1.4809411785455895, 1.8395825070765153]]
[3.4741878111680826, [2.1135205250601001, -0.9876285750885927]]
[12.107029307273361, [-0.94396542579638409, 6.6497518488292329]]
[9.4144897140957546, [1.1206257298513105, 5.8699537956619343]]
[3.1751350476595941, [2.5942857596140527, -0.30485145255500123]]
[11.582191677488561, [6.4541005557709639, 2.8596664199379696]]
[6.1807805941428011, [2.0872104936702889, 6.3755825457877782]]
[2.3872138102744112, [3.3719616227339948, 1.8111582256004026]]
[12.365410975083638, [4.6062179983918972, 4.8904444508091887]]
[9.4162331057406909, [1.0541073327715793, 7.5863017931772809]]
[9.3161579853603254, [6.0775671330681238, -1.6295342985363284]]
[8.0697436754527896, [3.5955158651608876, 3.0305522682154438]]
[11.518706986090088, [3.6410421180382073, 6.5250557390132951]]
[8.3419126924292328, [7.1502005157315986, 4.4295324094875665]]
[16.810105417955043, [8.4808569936583584, 6.1318278392238392]]
[16.655281481058346, [9.7048908770799365, 6.2461004315541331]]
[10.690832693202607, [6.4689833460178896, 4.3362727755216195]]
[8.3154794453473428, [2.8580959052530441, 7.4082136875734017]]
[12.117010860151016, [5.5740876752591753, 4.2029642222014001]]
[4.1968553987268127, [2.7931106721791101, 3.7608090949332977]]
[9.6799434587524011, [2.8361445914145573, 5.685446684266739]]
[10.016967130608441, [7.0786959444262214, 2.9599585971825153]]
[8.3768509186897511, [4.0522441603270565, 2.1524209283308484]]
[7.919557909596902, [2.3958606238705098, 5.0572846892554653]]
[6.4962771637227057, [5.0487397116122423, -0.18276826239204591]]
[11.359654894407461, [10.902278295887468, 3.8869576009034317]]
[9.0242352109355277, [4.3921885986281382, 9.2252078298651732]]
[11.377696616999289, [6.3193096035393985, 3.7950521639528101]]
[11.562078639429165, [4.0005772915505018, 9.8117123984973968]]
[2.5451461105708875, [-0.42862577744509767, 2.5577277080122869]]
[3.5991298407143111, [0.240651996983758, 3.3175128233596487]]
[4.8756103054594586, [4.5254751555090493, 0.12179552635180985]]
[6.1073487125056882, [1.8347097806143509, 2.5859153344021468]]
[7.9262968828413438, [10.081668681067475, 1.3458150364921377]]
[4.9021991966857392, [4.1479240204832806, -0.10722711072276969]]
[3.6604546270014859, [-0.090645344700381603, 2.2317395427591005]]
[10.110786878604042, [3.6014423188585885, 5.3071495194395766]]
[6.925665346233302, [2.8668249709185485, 1.6764794087426151]]
[10.119392067305297, [5.7049570249213515, 3.4145180963442971]]
[13.152009472638841, [8.8761535408461558, 1.7442199506625149]]
[1.1642888974996912, [1.6062151240625069, 2.2002371426994882]]
[10.262303350803016, [1.8385948534492786, 10.176204343595984]]
[10.268245656890379, [4.4604393381463874, 3.7483528367612449]]
[12.089055646479981, [3.1523851461136889, 8.8295116776547733]]
[11.73595496214336, [7.2278963906291072, 4.1353159478089792]]
[13.986678002146508, [6.5858884612895139, 8.1730456809001595]]
[7.9019752721141732, [5.0587794576917871, 0.33871455178378185]]
[11.221504583962389, [11.825430939331945, 1.1271803181417202]]
[7.1241168000299071, [0.80997587230217338, 7.0077973784058836]]
[11.487531015803452, [9.1764304299229984, 1.0617426269084316]]
[9.2962733599332488, [5.7208048634238553, 6.2384303183587253]]
[10.044492086428409, [5.4240659795574517, 3.2768147730339519]]
[9.850408603922352, [7.3847585659334607, -0.8638822540643003]]
[11.674334865152161, [5.4691810253041595, 5.6355443330352895]]
[5.0484898734014703, [3.0618634612137159, 1.2287396401135742]]
[3.7064389166338119, [2.4992660012974626, 1.1633628251707853]]
[3.9859738943744571, [4.5855960897599761, 2.6475004734896337]]
[19.261895527635915, [11.35709339239604, 9.0539738192847175]]
[10.890144285234815, [4.343387961521513, 1.7754583078614978]]
[4.7281106954658796, [2.0993502359353444, 3.7418390711042253]]
[17.38628134318451, [9.1658036308133486, 10.892321687476871]]
[18.710372504385084, [7.52028604550304, 8.4941638883359438]]
[13.762861179681533, [3.3351244289251705, 6.3949805075721375]]
[3.4162234769759214, [0.1544732623502274, 3.4202684470003661]]
[14.004881033742762, [7.3743610961801744, 6.5819786382354]]
[5.7104841946885392, [-0.072691841706823079, 4.5581862254148451]]
[5.1505434893910991, [4.4050290505102367, -0.48376435105151516]]
[10.342532525909187, [2.0573201526953304, 8.5730013589846248]]
[10.18219787249539, [5.7970583122411901, 5.9209977743367119]]
[8.5458531703982956, [5.5572166429428478, 3.509647562294897]]
[6.970022021394823, [-0.17929521099507878, 5.7893379421797615]]
[9.0839923671722129, [3.8752374008087371, 4.5059320072836249]]
[14.189564319860835, [8.1281876684168228, 7.8417082877722484]]
[4.084788461831824, [-1.1069937276546984, 2.4451272989088437]]
[6.9467809688086977, [2.6775900982118199, 4.6674858003994419]]
[8.9845405423752336, [5.4330190691032829, -0.13562439525518521]]
[3.7780728188949264, [3.0755045939959142, 2.0548152657818597]]
[16.189862506205298, [9.7436821950732728, 10.042390468294267]]
[8.0642931786490166, [2.6733902358563446, 6.8348776860667106]]
[9.018861256485458, [7.4645098934126519, 6.6801447122606827]]
[10.370036082819556, [3.6111113106494352, 5.3250084597505429]]
[14.903662380579501, [5.2015808652092828, 9.4384953857547345]]
[14.446517200828733, [10.501076675422182, 6.4404475868717457]]
[6.2819405430056072, [4.6833390970529925, 3.4024343454285915]]
[4.1118691736815691, [2.0348833018790642, -0.1832476941826468]]
[3.5652129273698616, [4.5723624818753148, 3.2869381102958442]]
[11.560106658703788, [6.9125541093564671, 6.4973139814831145]]
[10.08923143314783, [0.87624461670925913, 6.4605153419781338]]
[9.4746586925203609, [7.1740785670028417, -0.57400439166087169]]
[9.1289634309721741, [6.1440301547029774, 1.5937847409664674]]
[12.019248530641656, [9.7630359095361001, 5.7615145481810774]]
[13.463914667814198, [6.20851181304928, 5.5377697616216022]]
[6.6594629901876354, [7.8929095381461529, 1.304316275786255]]
[3.1146128401307447, [3.1006016645810384, 0.96395005916190357]]
[7.6710763946519878, [6.5059312424490088, -0.49900379819599905]]
[11.160606382093935, [5.3149496143338171, 5.0612441849206249]]
[7.8978310212410126, [5.9217280934090786, 6.2114735173061639]]
[12.942436344297075, [4.6999866802659991, 8.6581558127455676]]
[10.75489705241063, [7.1993422070370707, 2.0343999887795214]]
[10.769069586320855, [4.1503869486192082, 3.7136154657830134]]
[10.556791967013034, [7.2065176392535815, 2.6267625706458659]]
[13.090248044426694, [5.3348566342733266, 10.812290548897762]]
[1.5059417873016001, [1.3223520103965147, -1.2952810033833271]]
[5.3075386439740502, [2.02524891972201, 0.20358026713107685]]
[12.9850839185653, [3.403642964901981, 8.3485892792943535]]
[7.7309139485942096, [5.9343799115321181, 4.9628286274871813]]
[11.490666210834858, [0.68149080950109941, 8.8685296612503706]]
[11.064863476665812, [6.042908620245842, 3.9495798011237566]]
[4.7977639143279038, [4.5521686488700395, 0.13950321351472317]]
[13.479464466103172, [5.8611606616104233, 10.587051425796659]]
[7.3069534381954693, [1.8415833848970578, 2.8808622895632685]]
[9.550874179937173, [1.0286098469030964, 8.5794138682662542]]
[16.046786714209645, [6.9219044596898431, 11.055894469953305]]
[12.110789453809417, [9.8373406352981192, 3.5807467126378394]]
[4.8932721094733207, [1.3774021705023263, 3.3072803916621276]]
[11.458979986331165, [5.5267767418236318, 6.3126187068474451]]
[10.279897626929527, [8.8270529928705592, 1.7714054502284151]]
[7.3084688788932528, [7.0091835256895907, 2.8944872753947704]]
[7.3847014761593277, [7.3039052037870045, 1.2713168902727194]]
[16.10139567431613, [7.8536441927337926, 6.0592459559978291]]
[12.317194205732314, [5.4042781696386859, 8.7028245396478514]]
[9.3504396615400101, [6.0708238991012022, 5.1807173040989607]]
[12.662911985545929, [5.0855231924725075, 7.7251691254899697]]
[13.710786691993739, [7.9196646129666544, 9.1696189154773418]]
[15.101695128365677, [3.7397991862527444, 7.4060627863280368]]
[11.145202203657401, [7.9090333944953279, 1.076293065200713]]
[5.8343047219048731, [4.1397958945970244, -1.1591463896239989]]
[11.378747318277359, [6.6953612127680282, 8.7660315116542868]]
[15.239266001006891, [7.7534040926057122, 9.0843109410745715]]
[7.2628663074780047, [0.66769329795313093, 5.6791674743691747]]
[12.092477158817086, [9.793109979648964, 6.9618352584783754]]
[10.280225332333799, [6.3497842905265669, 5.6279208097516955]]
[11.554941140686914, [5.8550882862561435, 11.149002777778835]]
[8.1434041380817863, [5.0356914746758852, -0.092645692863799117]]
[6.4795671476670744, [0.19532095801320581, 3.6607129511984162]]
[8.5000964314543026, [3.8867788972717969, 4.0325221861778839]]
[6.5537151520511623, [3.1795049794837658, 3.7024316600316833]]
[6.6145920241855123, [5.1176087013827338, 2.3090267177078245]]
[5.423871528895301, [4.2988434396863315, 4.1258226887119287]]
[4.2869396104049455, [2.0556500791933936, 1.1844531779557734]]
[7.9557985049310345, [3.2574767820079846, 3.7255294728911323]]
[15.330679799100004, [6.0782045912261911, 8.4487427597794049]]
[10.673129297270947, [8.0758015434494315, 3.7234411976877921]]
[11.986370716546482, [3.3297393529664978, 6.5790870272406199]]
[9.3151387562458954, [1.4349586457928571, 7.984025570720144]]
[13.787315519855275, [7.151270606902802, 7.9524884049387596]]
[17.467839559034388, [9.1881789786596428, 8.3477065003807489]]
[8.9433133155270639, [3.9976556293568781, 0.72906097370623757]]
[12.39106213059598, [6.7543974107998412, 2.6475717958820608]]
[8.1345979497912762, [1.8412353190024284, 8.7692966987863077]]
[13.268409323053845, [4.7791965096623734, 3.9377159764096099]]
[11.696695613206654, [6.5338485931049846, 9.5051944673505666]]
[5.9383472947450429, [1.5476359836929723, 3.0590367919511632]]
[8.0609688493402381, [5.5222455988082135, -0.89822632931943036]]
[8.1622796809323486, [3.0931065578471841, 3.4923413734431836]]
[8.5323541091245065, [3.882614554150424, 3.1613641658656371]]
[6.5176316931537883, [1.0373232132377206, 4.0996875914255027]]
[11.227147775339162, [10.484921216288653, -0.19660501265687214]]
[12.754945664582534, [13.303632775844791, 5.0502120260217618]]
[10.78385341888267, [4.6797787677749136, 2.9625242194217454]]
[9.7049628231211891, [5.5549629789540891, 7.2985451232098013]]
[2.6335423472790742, [4.1839501468751576, 4.798750023907731]]
[17.000915880252666, [5.5513745000338535, 9.1267069189425278]]
[16.149777165866066, [6.0822749119439292, 9.7429728784912015]]
[10.667752658892887, [7.1525114953810274, 4.8677910660283628]]
[11.69856926375498, [5.239848907762287, 9.8176416822969532]]
[11.720665174856213, [2.7763003291834369, 10.662888184050887]]
[15.662110918148292, [4.9854118739660791, 10.218144040663216]]
[4.430084116515598, [1.3415006938741416, 2.8094283832456006]]
[4.7494451794906372, [-0.59051052243123592, 3.4876890305088786]]
[11.148739688999166, [4.9474654536687694, 4.7210223647581637]]
[8.2055496517553159, [6.1662890595505466, 1.9191454691135115]]
[12.419048613555315, [10.202225884258189, 6.8344675321567561]]
[1.9984953920316451, [0.92324259212976012, 0.42120635824974362]]
[5.6558884922417869, [0.58175974345826109, 6.2195564826945189]]
[7.8785753108703762, [7.8935482323865047, 0.34364943795686087]]
[8.1532222632044142, [-1.641768018564763, 8.0276450921401139]]
[7.0844199212023522, [-2.3190283112071435, 3.9082683740245896]]
[3.3080823329454443, [0.30706308449518627, 2.8647728530307752]]
[3.9881526515939951, [0.14956729746712771, 2.1829420990179975]]
[12.516829927723055, [7.8009884584985709, 9.3814177010431443]]
[11.866230132374946, [2.9795532916226843, 8.9247660228712249]]
[13.357928436349312, [5.0748070629292856, 8.0337831303263982]]
[3.1985753144942004, [1.1759987086679871, 2.4102656725561822]]
[1.810474910245814, [-3.1474987474978589, -0.26013802877405623]]
[9.5621384059296162, [5.2812700511471684, 7.8013781129329569]]
[11.91043906559389, [7.1318963965095792, 3.1333131358848783]]
[11.230528748552423, [8.6691870726488993, 2.4058940766258861]]
[10.579892499248201, [3.2248750799193417, 9.2255010079164048]]
[13.42031356241184, [8.48936561666555, 0.48820065602206264]]
[15.420615921763295, [9.2001130996658596, 5.1668813214275247]]
[14.863599044531675, [6.0726951989753521, 10.774293201357967]]
[9.7386621449189903, [11.13166434340814, 3.0136264898116547]]
[10.697377654252254, [4.616717168458127, 3.9107354442579907]]
[15.916195207609775, [8.9329392820169069, 6.3172560720028512]]
[9.3769973777970819, [4.7663951164453646, 4.9829964701461753]]
[18.273409540875512, [8.6904369466433078, 9.1325475810204342]]
[14.800155034034628, [8.2116775411785543, 6.7237741378489719]]
[13.795856163285965, [8.6198421063403021, 6.6390975378845418]]
[13.435891821759405, [5.8361140483160172, 7.5935891522664738]]
[7.1797306749869527, [5.2434653102603193, 0.75099010177253001]]
[10.091914595029902, [2.7744500349615371, 6.5565692990014011]]
[19.055033088117199, [10.166791711380972, 11.876345408270817]]
[10.018371564103472, [4.3345316543135155, 8.9518154168890582]]
[10.174364391132587, [8.2264498045073626, 1.5201546259827086]]
[4.1425211523102199, [0.029794652746209099, -0.15337809336314256]]
[5.3941345438655377, [1.8232130944854559, 3.2299000015824761]]
[9.7176867392083235, [9.6084245683135894, 4.9712629440842111]]
[15.062784506621243, [12.098935028136365, 7.3965268686495023]]
[8.4983594595232717, [2.9239504525072886, 3.8507237249977053]]
[13.506440613218114, [10.854588291638343, 7.7864942144289646]]
[7.2756035851381986, [3.8387117882249582, 5.0207008640300543]]
[1.8639500929655495, [1.0093186316153151, 3.2636788697267063]]
[14.362548794553049, [9.2572559662808516, 2.6663703518381796]]
[16.461964204654315, [8.7569075891013011, 7.828209419888255]]
[10.819009680791535, [3.9084208345611215, 10.902070459666714]]
[9.9594226562734391, [3.8019056854122875, 6.8454272733698769]]
[7.5502653563877784, [2.6152544814803544, 0.49347826793922955]]
[15.888288819149029, [6.3727791906389051, 8.0361456015687303]]
[12.43413534001383, [7.3046844112820439, 11.139335100601865]]
[13.180919373553557, [4.0368513223396345, 10.103801500500191]]
[11.804356548256512, [7.9740647714784121, 0.99220456793167167]]
[7.9612416853700951, [3.4919294524525952, 5.9607877636434523]]
[5.0905644849026874, [3.2235889100763049, 0.39306846641290727]]
[5.8776219637989318, [1.6803795222377718, 2.3825157709755542]]
[17.316260226432423, [8.6450452694838855, 9.044512359182546]]
[1.7724161051159615, [-0.43603562763421483, 2.3865390497165313]]
[16.843085613500318, [5.5911507869516832, 7.3710500806441086]]
[3.4638911658375671, [-0.24486494438915551, 5.2659956361975411]]
[17.330697930852281, [5.9020324705752696, 7.6488727449353044]]
[11.864417973163478, [9.9456470675194595, 5.8360495335833109]]
[14.660718156013354, [5.8414369907994832, 9.4038373896275438]]
[15.063964439624229, [7.8590478619192865, 8.6218486057689923]]
[5.895011730491321, [6.2703944374514755, 6.1387568498426219]]
[12.927290006737824, [5.5546420491880815, 8.0423332164492027]]
[10.796177079691345, [1.670630239590114, 6.3382018689125879]]
[4.4479474360910132, [3.7739752889800617, 3.889614515098089]]
[16.329255435504233, [5.9823851719126626, 7.5765461263537848]]
[12.526121285265145, [0.65590335667363764, 7.3149810663790973]]
[14.831690532674973, [5.4360792359115528, 5.8645875018368638]]
[9.7157947456717224, [0.56613818146896788, 9.4254304164494371]]
[12.733956635356293, [4.5843470977772487, 6.3579195218104578]]
[3.9263287068901733, [2.2829843288931038, -1.7266494798957677]]
[12.424344725572222, [7.2308580549633295, 10.983623409467464]]
[6.4684066923690944, [2.3554147412557493, 3.3902280090363299]]
[5.6140601675479154, [2.1983183562071273, 5.4034044265629548]]
[15.362341571824565, [10.211535871217126, 4.8306968442054092]]
[11.392227926954996, [6.0520770856234636, 0.031266891570650594]]
[13.00720113895602, [5.9764415017444463, 8.5267239083904851]]
[3.5872712952371391, [3.6797807386747552, 2.7889366476326374]]
[11.219627009592969, [5.2907063296600434, 5.6861257410277171]]
[6.6481141046994683, [4.8808171008615977, 4.4542385356026282]]
[6.7440589321443678, [-0.68099468838719113, 5.767157347804611]]
[15.634267305754433, [8.9608719009339435, 9.7073032016414569]]
[18.557182140770692, [8.1977970308315324, 10.264674841223991]]
[15.872132772193602, [5.9109390995530493, 10.350100688186311]]
[11.056365146036537, [8.1176709053791001, 4.712719461389753]]
[8.4285423224319906, [0.90224847903382177, 0.63188083863526678]]
[9.2108737271388321, [2.9107907456955844, 7.7890444392786806]]
[8.1927448734194623, [3.1707096504586718, 4.0026819424210887]]
[9.7043551645293977, [2.4345749255377811, 6.6767077029534878]]
[2.8712053515338267, [0.63213157147162369, 2.2360242263153269]]
[13.997445554655446, [10.75386164068561, 4.412318254416788]]
[13.809937687270732, [6.9441687191736561, 7.3917722105736896]]
[8.7280942976818778, [2.7770314099397182, 3.8337706492102788]]
[9.1393162783337214, [8.4924004111746658, 3.1971909780493655]]
[15.395641921226819, [8.4835527223050615, 7.9272566936474522]]
[13.685907170047519, [3.3587046081303749, 8.8480725434361158]]
[10.585957306164969, [1.8235279648878959, 9.6577971625293433]]
[3.5635334776620264, [1.2603639165138742, 0.85615245472498946]]
[16.925748101667924, [6.3262998782743356, 8.5227877359928499]]
[2.1436016271957126, [-2.1384109296850657, 1.8359329824525099]]
[13.637531960967424, [7.1706210385007489, 7.9320000999477118]]
[6.1290011322580735, [0.54286532218738592, 4.6841135903588942]]
[9.4684425215065176, [9.1885593731941331, 0.17109029229124473]]
[18.431453899446428, [8.3353248875211872, 8.0181940847333859]]
[5.5219721817325418, [2.523709258998553, 5.3372790378401396]]
[14.030045062450572, [7.4188763513154967, 8.6779932051600106]]
[6.2794368817255748, [0.41859208920636998, 7.025483517736073]]
[13.837702043485232, [5.4541961637948404, 7.6730067178791561]]
[5.4120094943747032, [3.1891329234286658, 2.950681813179056]]
[12.38237387902562, [11.150565227175452, 2.3516739301726863]]
[6.5345612241146602, [3.7422745067067842, 6.1759729850174931]]
[12.582565312146459, [8.9743259456974194, 3.086983608046971]]
[12.195356191356964, [3.8679877294062832, 5.4573927569960219]]
[17.723389144632371, [5.3145277238139954, 9.2995695183314773]]
[12.23963640460104, [4.9664329691300377, 6.6350589784313625]]
[5.8127216372643344, [2.385923432064804, 2.5550556799752195]]
[3.1385341396097122, [-0.60123627522941625, -1.5198127706779869]]
[15.770547791066654, [6.3173166939740044, 8.355578339351565]]
[14.84888824411849, [4.5628801210300329, 9.1863519027590321]]
[13.71854824802617, [6.6853366424828442, 8.4116788802503599]]
[10.056035890965022, [-0.27714196257762835, 8.1022696400018965]]
[9.2438512120376437, [4.0248348300064603, 1.2296403306193813]]
[10.339916425863098, [4.1471319509654094, 4.0162241475720988]]
[19.332657119081638, [9.5441716759949387, 9.3637001199341707]]
[2.9133979166416557, [4.9958773511737595, 3.9738530490154425]]
[4.9133933888474228, [4.6100860029285071, 4.261334921663182]]
[6.9517637776321788, [6.5120288178499113, 2.0483735140519297]]
[11.378393148282704, [6.6921833147641436, 6.0505999563954829]]
[17.429648009774667, [8.5792339164943918, 6.2761416999404638]]
[10.982682186447935, [4.9318445437512137, 5.0794576693076205]]
[16.155465418999512, [7.9272463046408568, 4.9497043272121397]]
[7.9706394260276756, [2.1450019830385134, 3.1682668201935131]]
[14.846363337447379, [4.5797217578203506, 4.9030156968218126]]
[12.35278924991988, [6.4266524517809884, 7.0328749265199875]]
[8.6305961151423887, [7.6329695990377084, 0.18207065182086268]]
[4.5726944465523411, [1.2433965124252833, -0.13578476339581491]]
[9.248201476177746, [4.8617829738304268, 1.4372892241874387]]
[4.9262268355976406, [1.386365905276431, 0.64191345033821112]]
[14.288743661245739, [5.6885857396060056, 9.8684355253313853]]
[11.464838924704836, [9.9811572534929578, 1.7603586626783534]]
[17.275200963520469, [8.6132320480388476, 8.0727647145149213]]
[7.0714565279953376, [4.6529268226840728, 1.3582345032576248]]
[12.607806324474719, [6.7835784414793903, 5.8766010133518289]]
[13.116688825083976, [-0.52652994431511102, 7.3358081996651272]]
[12.465091967320458, [8.0473291192305219, 5.0952964637238694]]
[10.357322378497795, [9.1684334554878983, 2.3222173053434574]]
[10.267906734149047, [5.3219333531138719, 9.0046476418043468]]
[9.4192818280039639, [5.9098632941778941, 3.9637004509459652]]
[5.4043118720470087, [4.1952811925765552, 3.9046426943100645]]
[14.780738826989378, [8.5871200408889123, 4.0746870600086895]]
[10.140093822414979, [0.098326485027366628, 9.8456614491848953]]
[4.7872228362643945, [3.2190244576665457, 1.7571581558300391]]
[7.5697117815696568, [2.732331284574947, 4.0558103863311636]]
[10.194712567005476, [4.159032607720162, 8.5003990610525406]]
[6.0440902734635706, [7.1498762491753372, 1.265905631509525]]
[14.669081787313148, [8.796637815594595, 8.5550478576013482]]
[11.72461808101221, [4.988008723317404, 7.194554307205741]]
[12.347073245928311, [7.5232217400032209, 6.6134686089768495]]
[12.979833924273281, [6.0696914370885118, 6.2414279725368473]]
[7.9956967758705675, [2.5248976424117604, 3.2136446042720395]]
[12.886679306365423, [5.5753858668048828, 4.869874009271383]]
[11.074729166086421, [3.6977492777541565, 5.9659334792453524]]
[15.233425153195517, [4.4330362579084692, 9.6079933827941133]]
[6.6895630015530685, [0.11836414688829715, 4.4226467826582452]]
[3.7944072031205458, [0.35530837183021391, 3.1165760713899564]]
[5.5471582992763739, [3.5579215096168264, 4.8950061982436983]]
[11.302813597040892, [3.1117364922687698, 10.192948918863962]]
[8.7217864686812163, [0.81918974851650672, 7.2642996306961178]]
[11.336187685877126, [3.0289131314070064, 10.122768947718809]]
[4.9025081096855905, [0.18492285942135434, -0.2009423771577743]]
[8.7493217242240444, [5.5844752962253761, 4.379276222994676]]
[10.189923798706314, [3.4190149223758386, 7.6261969261729563]]
[5.5946770639146512, [-0.78707160130990728, 7.5923777280778957]]
[4.121699110870642, [2.4623305300629372, 1.9443924289583305]]
[15.891728059191522, [6.5416512988581115, 7.7874881366914757]]
[17.235289993055812, [8.3238369553970859, 5.531968678583878]]
[9.0693934769804283, [5.0798876739804761, 6.6375369714697303]]
[12.400387282868591, [5.1061809538363443, 2.8519450930537542]]
[12.948176584380141, [3.3971452088610143, 7.7493271318792685]]
[5.8012133818749092, [3.7917685295723444, 4.0123878361888874]]
[11.307438362928803, [4.6844350457849329, 9.8092599721353881]]
[11.096039400562589, [5.799993346161501, 5.8995459086211435]]
[9.955845858810136, [1.1088958719344415, 7.2933777723727609]]
[15.66656076165814, [10.9130548297783, 5.6493278597646084]]
[5.3285360584113253, [3.1570529574658264, 5.5824726724501854]]
[12.876396580195756, [4.2917447407751128, 7.1503604762658872]]
[10.351693474115134, [2.7268516310605078, 7.3182100733322981]]
[10.33068731197142, [3.7310852594541291, -0.62546472894516159]]
[4.0459319364322859, [1.9986218539445908, 2.2512772582065619]]
[8.4882120568692674, [0.40816943821654017, 3.6285612229385791]]
[9.1699318704185053, [6.9515651224485602, 5.6668078018339996]]
[10.177611438469565, [-0.31697846405691799, 10.888236795738305]]
[12.381321656815601, [9.8093079392585771, 6.491565274674107]]
[10.275770157211022, [6.0468815812230075, 4.0656391594513037]]
[11.093431605051762, [6.3765025161295128, 1.6878827547983279]]
[8.2044887917611646, [0.78931084867698986, 8.42742240513501]]
[14.478581878320281, [8.936014847378658, 3.5283208927533907]]
[7.9575419060989807, [3.1359516407476531, 6.2432831645481697]]
[6.461425613877898, [4.696392563435448, 3.0798637020978687]]
[15.323566218621465, [5.8163593935882343, 8.8248761553437429]]
[6.6985505582868488, [5.027234706970833, 0.79686655131831174]]
[9.5223962760266829, [5.2487386701946059, 7.5071737327111165]]
[10.838630913367169, [6.5541246152076464, 3.4107810020975511]]
[12.824595135507527, [6.9319317490945842, 7.6374205166593843]]
[6.7153612115933381, [1.0776400335065781, 3.0362028479689007]]
[8.1523666136961879, [4.6784280654605261, 0.77805858720403331]]
[9.0459415582591607, [6.7493999291390327, 3.9684568563771201]]
[10.299099482229495, [3.0715539180866314, 5.0631962145222982]]
[6.1921057667579911, [6.6763393652362764, 2.6424902889800892]]
[9.6826656811185323, [2.6539001723692897, 3.9939121162197235]]
[10.129673736472586, [8.2965277071542953, -1.4720870944388427]]
[18.820771329292313, [10.004692975288267, 9.5808973969481883]]
[10.366494245483342, [13.600403431806404, 1.9884878565966517]]
[8.6548345536988158, [4.8339287448329769, 2.448206472148013]]
[6.7393874382728409, [5.6257618388229318, -0.072050843691379193]]
[7.7459649977810852, [1.7249698763941392, 3.8028905292146398]]
[17.556604725004529, [7.2227219839206489, 11.957236473795707]]
[13.109009602121471, [2.0773213494118696, 8.8743757132053993]]
[12.506775474434768, [4.4782336489446193, 5.1840689578410881]]
[8.5381445561256335, [2.0331105099744358, 4.1272632622029466]]
[4.8832828265828878, [0.82580889620920805, 1.9561122511139994]]
[6.862112698942207, [3.9271584479674324, 2.4271701733360769]]
[3.9000034386419493, [4.4900878908140047, 2.0280770672504604]]
[6.7846785895546082, [-0.57768378900848083, 7.4431402568701968]]
[4.7592695601128359, [-0.83179737008271593, 1.6053089832473222]]
[11.126447263249089, [1.8058738370496452, 7.4123022946559889]]
[8.825890884414985, [7.9581196536616812, 0.95391031029906781]]
[12.971833970012732, [3.1979206184997699, 5.195433386922037]]
[7.9052893099964674, [3.1938884296984855, 6.214244074921675]]
[10.362365062966463, [11.020588367999213, 1.0626394014406841]]
[12.900647413658135, [9.1067571100536373, 8.346344958247661]]
[8.0916865572124195, [4.3574965153312659, 5.1754156218972689]]
[11.286626494452623, [4.2253673865309782, 4.0981645606228989]]
[13.498201010221411, [8.5062155197379923, 3.6686056022833027]]
[16.513613780890637, [8.0823496965020336, 9.2613619859346414]]
[15.50727664195685, [8.2751967013599987, 4.3197654861645818]]
[11.065427272774777, [8.3267819090964714, 4.2499068398975073]]
[0.83656513051473813, [1.6228669671651921, 4.0291084311606067]]
[9.2392004623629234, [5.2356410879280961, 5.3790871218484142]]
[11.963689054166732, [7.1346807296452459, 5.3307707430932174]]
[8.1902672547651623, [5.5978142195995986, 4.1630326588024236]]
[6.1209488434848858, [3.8551260363312445, -0.33036448531418666]]
[2.297630924311008, [2.5598697701473272, -0.0090334197407531125]]
[12.405167451190742, [6.1889589238267693, 6.2368921278507283]]
[7.9562686147343324, [6.1675597175396062, 3.544276242976796]]
[14.830684334917253, [9.9268972885200082, 4.6342313214970083]]
[6.1062749772135394, [2.0936606206069395, 5.1081545991012458]]
[15.926309969572493, [3.4720843341083838, 6.5858304783745067]]
[10.861584942937174, [6.512024233532502, 7.5544123369401577]]
[9.3978391931141569, [4.6200190035814881, 1.3826678836127748]]
[12.774304946894031, [3.8671137149688146, 8.5764415745337335]]
[5.5417625815561911, [0.8478864749668964, 4.4817267526203857]]
[9.6114892224728461, [2.5381059107064896, 8.3950706714093126]]
[10.238666888832636, [3.707806636279888, 8.9267717125040953]]
[8.587309279849288, [0.29606259748832753, 8.4221243905231873]]
[10.486646165570377, [6.5689946185502208, 6.0893997405421851]]
[12.467555436875838, [5.5351019268543791, 6.5106396365246919]]
[9.1751565599868599, [7.4727856641961301, 4.2428983544404657]]
[11.914661547551482, [2.2166253768683002, 9.8128060270560145]]
[7.7896432080131977, [3.3553425184700756, 2.6148390075249264]]
[16.056443664913665, [10.328908265481537, 6.5849495179443629]]
[17.38972793221992, [9.5257328108642021, 7.0113289159141416]]
[6.7882995800772115, [1.140935666263176, 5.1497912648457982]]
[2.8460890681195314, [1.4724485935320546, 1.2274044769619208]]
[12.015757829489804, [2.3125157373402323, 8.2218909899073651]]
[15.718120412506007, [11.602505474313871, 7.9838091726053158]]
[6.7485161787576535, [3.1908184480270259, 1.5331200431772891]]
[16.253006614205205, [10.903552118084104, 7.7395217717815852]]
[8.3481380185204053, [1.5283357334935503, 4.4608010961453273]]
[8.329614935039551, [1.060399827218089, 8.28717118676804]]
[4.5498248450976035, [4.8094622019982509, 0.19185312735694532]]
[13.452419491205001, [6.672764504691707, 9.9532061970942074]]
[8.3983879652892455, [7.7051855376448719, -3.0761882871518376]]
[10.918762359724322, [9.0997872416929653, 4.1319757079202546]]
[13.557053059104101, [10.150042588983567, 10.668244140854505]]
[11.313335714625032, [4.8591488469698012, 7.4370912117382275]]
[8.4411831720927903, [3.9937644696860826, 3.4097030185173876]]
[18.688944666664497, [10.002434456154285, 11.097626832632088]]
[11.481365147582647, [9.6261507228967744, 3.5459614761777267]]
[16.035653392249039, [7.5011410323865588, 7.7507108518079528]]
[10.186939084927262, [9.2999620880341567, 0.41447900872524079]]
[14.59896947697117, [7.1729620915298673, 8.249796904623393]]
[8.10675876855219, [2.7939379024830595, 3.007793397371703]]
[10.480561377192101, [3.0687029222966822, 11.601850270549861]]
[18.443031902957735, [9.0786802630796331, 11.695735699520647]]
[16.040745663036791, [7.7065012696427759, 7.9455578987082029]]
[2.6097647483453312, [2.081451985598485, 2.6204400187396413]]
[13.241836236478926, [7.1262635652148818, 7.0415993932140442]]
[11.27532908080439, [3.4555752804550925, 2.7283502533988102]]
[13.379179382919265, [8.2517958956009174, 3.1368379310346528]]
[15.325077684944461, [11.365774799840926, 6.7057105191300215]]
[2.6935483579097195, [1.1902687023522982, 3.6476085405351588]]
[1.5798128714413906, [-0.20801533517390425, 0.49243256894543463]]
[14.817343368216431, [12.447004064322217, 3.3442315458499383]]
[11.660256791964523, [5.5909546414991267, 9.2257201369577775]]
[2.0648659590947704, [4.1501180240746214, -1.6980716703705816]]
[12.766973181639914, [9.3572833462135598, 6.1286524184417726]]
[12.430496388359659, [7.381420172086437, 9.1885192057710334]]
[9.309174980275893, [7.3096720600423346, 0.78684992769566109]]
[12.660773003270013, [4.7993860922726999, 7.4010054338391598]]
[7.7617167496993265, [0.73573499834909906, 6.6036297400615362]]
[8.2790398753350498, [5.346950509568476, 1.2362994419599658]]
[13.59738632321859, [9.0131425270491938, 7.0314223616914386]]
[9.020509874060977, [6.6179618208800628, 4.9875533716190352]]
[6.4877050356126169, [-1.9617750528492985, 4.6933306907238173]]
[6.69642505744498, [7.6811138455674666, 4.1401232859116144]]
[9.1262671513297668, [4.7288784667510209, 2.8200919995032367]]
[5.5516460240865237, [0.9488322347365894, 5.9442138052130087]]
[9.1298200323691638, [4.5816595752030134, 7.1410616640820761]]
[16.757633745705373, [10.21570953573905, 6.748261785555524]]
[9.4093813083796505, [6.5672072917098285, 2.7821725511050959]]
[11.237953014851419, [9.1276686637015274, 3.2265693367364241]]
[8.1321830650275633, [6.1650757774582186, 3.6482957222797774]]
[4.5875816417518669, [4.7570720420331662, -0.7642821813555023]]
[11.013083720672954, [8.3274984306961635, 1.2785183943674452]]
[7.6576281440552192, [1.7221798384820479, 4.7370595554057742]]
[7.2234615533839497, [2.9120988915946948, 0.31860317593030807]]
[8.4703717707959907, [8.212652217525525, 0.45842646414100452]]
[12.949964230850259, [9.2889681007171241, 3.9000946990848364]]
[7.3186597945398182, [0.24403805771187126, 7.362419564049028]]
[12.997455654539015, [6.2996599331676428, 10.337102964593388]]
[6.736359686685911, [2.1789514954257507, 1.6693498305164205]]
[7.8014732854953976, [5.1286985517199577, 6.4600244288859061]]
[12.896297035718252, [8.3928333823449144, 6.1317527973680255]]
[8.5325202339868227, [-0.48573471744992458, 7.8488500360459863]]
[8.9988468298224564, [1.939206197764187, 8.1806387746415439]]
[11.799396276334935, [6.5891272970296324, 4.0539901338410971]]
[8.5653792301396869, [5.2012978698207322, 2.9618789277857251]]
[13.246521389724954, [8.0695308247989264, 4.2587692852568306]]
[12.365078005814555, [5.1038940341959895, 8.0504816911237231]]
[10.520654036948333, [4.5110417562217711, 5.0418250628349677]]
[12.865617124431456, [7.2404512778655965, 4.6622101098193705]]
[11.813351933208754, [6.9241320648521878, 4.5086783899181979]]
[9.7811859119609537, [6.9160331853934549, 3.9101214760349272]]
[18.055157324820001, [10.767281664645358, 9.845326800193833]]
[13.135233680332593, [5.2177053021510984, 6.7216601849725262]]
[6.3287257581921228, [4.9844465137196163, 1.1305633995055988]]
[16.265091556735385, [10.186652676708023, 4.8545641752989068]]
[8.221453309403703, [3.8050931538681656, 3.8056644786292555]]
[11.681529256024621, [7.109681609749142, 6.6257881815131698]]
[10.166847758704497, [4.5240335894539641, 7.923370359940721]]
[9.3404563001358323, [3.585761528042406, 3.2283194953912977]]
[10.890173772729961, [10.120181711156624, 3.044344063214222]]
[9.262255668788054, [3.0354496239598565, 4.8517055908631157]]
[16.378677913148667, [4.0217452923027599, 10.174463236222159]]
[10.030661887801946, [2.5697710680993335, 5.7652769877859722]]
[12.039667860346807, [9.9411245821665641, 3.2618581359086973]]
[4.1253093137979668, [1.3713415620054392, 1.4898022049060693]]
[8.9986304292512784, [4.8534374783026069, -1.6412137112839442]]
[12.488928880863085, [3.0161888095406981, 6.5116820155477946]]
[0.83573048461222488, [-0.54009918116397326, 3.4253623316667472]]
[6.7290031610363688, [-0.50662153306619695, 5.7248415978953497]]
[12.732872560980038, [6.102655407294483, 4.3174795947646087]]
[11.976692365362464, [10.414740595134457, 4.9699082444269935]]
[12.568619652792602, [5.2617350278325707, 7.1510983912432415]]
[7.0157865398158687, [6.7700167080854863, -1.6435604508648471]]
[14.533404627246277, [6.5672923567076715, 8.3135361791772375]]
[11.008639909139264, [-0.044768118841601895, 7.1116208841568831]]
[5.1943755817411166, [1.3660453695405632, 5.2342384039271108]]
[8.8810072253107393, [7.7048625511975288, 2.7483879202944443]]
[9.7806240366907851, [7.5443959801521565, 0.24413410655239842]]
[14.637881662307073, [5.7926182081039066, 8.8747983899669798]]
[10.515430610585433, [3.6426100365640433, 4.5606909600274994]]
[8.3347345870592626, [7.2156803346574039, 1.2637433787775569]]
[10.817412411570569, [3.7595359097375747, 2.3657620277888611]]
[13.646427490659736, [10.63518446158419, 4.6886282382966167]]
[12.17969484879557, [3.5818800327301186, 8.9875406915445524]]
[13.684155009715763, [10.640727171311836, 3.0354964440445404]]
[6.4782816202035933, [1.9822193201396003, 4.6657773782159273]]
[13.859660782869359, [1.9478883590366458, 6.0968854829303369]]
[17.932002525098472, [8.4026355731768554, 8.4853921807221422]]
[15.199933925246327, [5.9072666770512399, 7.4803658490074918]]
[13.417912417610182, [5.8302556631640989, 3.8085963193833794]]
[7.9890623498997257, [9.4400619209791152, 2.1279215678132828]]
[2.7484082382814257, [1.732323388624242, -1.7874822207850694]]
[6.2477537879309786, [-0.048465638273012202, 3.8286036042424332]]
[5.1612558938059472, [0.025662583958262264, 5.9716209121664265]]
[8.2325997092031464, [6.5776253764734793, 4.4409594440135765]]
[2.8813208694804637, [-1.1250588190151283, 0.45406939022658066]]
[12.470550844365334, [3.0444684497768613, 8.429639951417542]]
[9.0108805079300929, [8.6633470505341297, -1.6094020287607731]]
[6.1647657792329946, [1.1722726284933795, 4.615015430778497]]
[9.1288809314127519, [2.2446101317025442, 7.6927067652667604]]
[13.816789256182446, [5.6501037269468828, 5.4083233548024925]]
[9.3175045902212759, [2.3091214496484458, 8.1871447480923187]]
[6.3016329968067595, [3.3772439932953011, 2.6354504243717276]]
[7.5223844447757386, [2.0887079249352429, 3.527883499547011]]
[4.0972473165995238, [0.49714501595553529, -4.0351538137944747]]
[8.137790910878147, [-1.5196829297648888, 2.7569144618254153]]
[10.074427995222216, [4.9706989385324558, 3.6877730480633359]]
[14.518216589895015, [7.9735123552640017, 10.253080661063034]]
[5.7405369325379016, [4.122246397288615, 2.5331308080306094]]
[8.5891910457730187, [5.190904076864137, 7.0073849735901472]]
[4.2454125768671105, [-0.74078409511860144, 2.4753430205600457]]
[9.6618123821444417, [4.5362279331936941, 5.465621896142121]]
[9.9614310697739281, [6.9801827654573598, 3.0591034578739214]]
[10.313151186788545, [-2.3603651107045467, 7.8919901508549888]]
[17.478071585783788, [9.0037312735283521, 7.8814554236881191]]
[13.855323539891561, [7.6479361496325851, 6.3713429365327956]]
[9.6799188182356062, [3.1173717933241365, 6.549915246555166]]
[11.95748683499818, [9.5759241225726974, 3.0442912913301026]]
[12.14131594367613, [3.6550856804738618, 8.2757207356200819]]
[6.6005540460099281, [5.3211851952177618, 0.14609391775984476]]
[2.6719861549069215, [1.7791489512057976, -0.26138031564518982]]
[9.0067845685033863, [3.40721925559254, 4.6981677488749476]]
[13.92111377622447, [9.6557358114599285, 7.6985516755599415]]
[16.708975872257561, [6.7947992406776478, 8.9055943316604882]]
[12.270049208080863, [9.5217719294499918, 1.4253575749085075]]
[1.851687782611513, [1.9744270947681497, 0.72139800493305528]]
[7.7899197491084404, [4.4980042898849737, 3.145386267110974]]
[10.673185454081571, [7.009868235940182, 2.3725617296213488]]
[2.0148222856326461, [3.7929907328884842, 0.31564933417813257]]
[7.8966303004350538, [-0.27302839657935019, 6.756499770293189]]
[8.4784574710933036, [6.1717050929872936, 5.8531009676611374]]
[12.21369902023247, [8.8374710657137392, 1.2575485493924687]]
[10.936224211384907, [3.6664739986943298, 6.4784509510126362]]
[5.168940226214195, [4.1511296112599743, 0.88341334691155149]]
[10.593179088773436, [6.6044307194002894, 3.0607946150015377]]
[16.678027407925608, [6.9381467622885786, 9.4575139666956058]]
[5.9801973220082321, [4.3426304761934027, 2.0175009875473426]]
[11.309029558350979, [5.9888664784374832, 7.6301456376202346]]
[6.8042703874892307, [3.1988773136434943, -3.1611521392983901]]
[9.1502270723718127, [6.7339204675523012, 2.5341569077153765]]
[9.8782594102444676, [4.9722959500981849, 6.4990592660676434]]
[1.9581981327608633, [0.2020947931647539, 0.088493079305952405]]
[7.9166544273309958, [3.82124525609871, 6.8862997787465936]]
[5.2596310513011035, [2.3850005313906752, 0.056089627854919555]]
[8.7395642589198328, [6.2510964428827851, 8.2161956211494527]]
[8.7006584646905782, [2.8882725211577043, 4.6454320379894938]]
[14.536998632158699, [4.412503402016231, 9.200540081565638]]
[15.202237290716518, [8.9538387285092984, 8.228389906825182]]
[2.5799576364259247, [2.3171289096349668, 3.0333875097638425]]
[3.8282059701311777, [4.3155371574067729, -1.295846805582769]]
[4.5266127109155772, [2.0672716121659365, 5.5765764876677757]]
[6.0580628088389208, [0.18526871864976424, 1.0747272451166772]]
[14.362753615564776, [4.7592280991115166, 6.9180262541550892]]
[11.168023950622137, [7.7253005167209441, 1.8953795490449592]]
[13.317083160181733, [7.9215258078437749, 6.8667444365501744]]
[7.2729205483155601, [1.1965199553422068, 5.2217739420563918]]
[12.680312356423396, [5.8011357161784334, 1.5822560291664738]]
[6.0407764404786102, [7.0372932420116214, 4.2794488333220047]]
[8.4493176870885573, [-1.559206766306696, 5.7894698591527387]]
[16.81156939600762, [7.9976769179531839, 7.15087730281014]]
[8.8317543958881384, [7.9712323759246946, 6.6646666848299487]]
[7.0658200161385389, [7.9864125379403728, 3.8368079376107378]]
[17.029415944256357, [7.1251823212047292, 6.378793287850506]]
[10.802566726993255, [6.9349263608627716, 4.3573657636478673]]
[3.7940759019698245, [1.2998210003733834, 0.93103628274187589]]
[11.042251859870717, [-0.4832939116119247, 9.078184048402159]]
[9.9688717978010857, [7.0249818723540329, 2.7147494880702823]]
[5.1908072905604596, [2.3838182505445848, 3.0090830876757741]]
[5.7320935386746985, [0.53502805827289956, 0.98920619306966118]]
[6.0962205277317123, [1.9436338283648866, 1.1767407341868918]]
[9.7984568972604773, [3.6408964129493224, 2.3913975984758626]]
[14.255528301941965, [9.4533269824256081, 5.9054415553758917]]
