[12.927977137623403, 10.017166785639231, [0.0, 0.0]][12.5401378234947, 10.017166785639231, [0.0070310993097532255, 0.0064898741391525841]]
[12.163933688789859, 10.017166785639231, [0.014172573009794482, 0.013610567757734063]]
[11.799015678126162, 10.017166785639231, [0.02148445428675359, 0.020906511397615499]]
[11.445045207782377, 10.017166785639231, [0.028974358754668302, 0.028380127058775014]]
[11.101693851548905, 10.017166785639231, [0.036645270732023089, 0.036034337567369096]]
[10.768643036002437, 10.017166785639231, [0.044500142789372921, 0.043872087039157105]]
[10.445583744922365, 10.017166785639231, [0.052541895399361646, 0.051896288053326654]]
[10.132216232574693, 10.017166785639231, [0.060773412026461596, 0.060109816194596259]]
[9.8282497455974518, 10.017166785639231, [0.069197533486689777, 0.068515504417276954]]
[9.5334022532295286, 10.017166785639231, [0.077817052084907995, 0.077116137193493389]]
[9.2474001856326424, 10.017166785639231, [0.086634705533004328, 0.085914444442925453]]
[8.9699781800636629, 10.017166785639231, [0.095653170652962249, 0.094913095248002566]]
[8.7008788346617525, 10.017166785639231, [0.10487505686988592, 0.10411469135963275]]
[8.4398524696218988, 10.017166785639231, [0.11430289950125762, 0.11352176049975006]]
[8.1866568955332415, 10.017166785639231, [0.1239391528499646, 0.12313674946819639]]
[7.9410571886672443, 10.017166785639231, [0.13378618310994803, 0.13296201706281061]]
[7.702825473007227, 10.017166785639231, [0.14384626109472964, 0.1429998268229625]]
[7.47174070881701, 10.017166785639231, [0.15412155480048903, 0.15325233960820892]]
[7.2475884875524992, 10.017166785639231, [0.16461412181687646, 0.16372160602522506]]
[7.0301608329259242, 10.017166785639231, [0.17532590160026179, 0.17440955871773317]]
[6.8192560079381463, 10.017166785639231, [0.18625870762570379, 0.18531800453566369]]
[6.6146783277000019, 10.017166785639231, [0.19741421943553525, 0.19644861660144844]]
[6.4162379778690015, 10.017166785639231, [0.2087939746040611, 0.20780292629290134]]
[6.223750838532931, 10.017166785639231, [0.22039936063953153, 0.21938231516385362]]
[6.037038313376943, 10.017166785639231, [0.23223160684619035, 0.23118800682527363]]
[5.8559271639756343, 10.017166785639231, [0.24429177617081971, 0.24322105881129003]]
[5.680249349056365, 10.017166785639231, [0.2565807570598172, 0.25548235445611767]]
[5.5098418685846742, 10.017166785639231, [0.26909925535446233, 0.2679725948094635]]
[5.3445466125271341, 10.017166785639231, [0.28184778625347062, 0.28069229061953244]]
[5.18421021415132, 10.017166785639231, [0.2948266663735204, 0.29364175441419632]]
[5.02868390772678, 10.017166785639231, [0.30803600593971386, 0.30682109271229674]]
[4.8778233904949762, 10.017166785639231, [0.32147570113932628, 0.32023019839832384]]
[4.7314886887801269, 10.017166785639231, [0.33514542667331099, 0.33386874329493232]]
[4.5895440281167232, 10.017166785639231, [0.34904462854113827, 0.34773617096874682]]
[4.4518577072732217, 10.017166785639231, [0.3631725170954207, 0.36183168980589719]]
[4.3183019760550252, 10.017166785639231, [0.37752806040356673, 0.37615426639441291]]
[4.1887529167733746, 10.017166785639231, [0.39210997795424635, 0.3907026192511891]]
[4.0630903292701737, 10.017166785639231, [0.40691673474684148, 0.40547521293164163]]
[3.9411976193920681, 10.017166785639231, [0.42194653580224473, 0.42047025256028053]]
[3.8229616908103061, 10.017166785639231, [0.43719732113325671, 0.43568567882042608]]
[3.7082728400859968, 10.017166785639231, [0.45266676121259014, 0.45111916344093494]]
[3.5970246548834166, 10.017166785639231, [0.46835225297591065, 0.46676810521729295]]
[3.4891139152369139, 10.017166785639231, [0.4842509163965063, 0.48262962660357972]]
[3.3844404977798064, 10.017166785639231, [0.50035959166712685, 0.49870057091073572]]
[3.2829072828464123, 10.017166785639231, [0.51667483702314598, 0.51497750014519772]]
[3.1844200643610199, 10.017166785639231, [0.53319292723951006, 0.53145669352026204]]
[3.0888874624301894, 10.017166785639231, [0.54990985283204974, 0.54813414667065441]]
[2.9962208385572837, 10.017166785639231, [0.56682131999143937, 0.56500557159850595]]
[2.906334213400565, 10.017166785639231, [0.58392275127558457, 0.58206639737639931]]
[2.8191441869985479, 10.017166785639231, [0.60120928708343513, 0.59931177163040639]]
[2.7345698613885911, 10.017166785639231, [0.61867578793010358, 0.61673656282290779]]
[2.6525327655469333, 10.017166785639231, [0.63631683753988832, 0.63433536335166529]]
[2.5729567825805253, 10.017166785639231, [0.65412674677014593, 0.65210249347809157]]
[2.4957680791031094, 10.017166785639231, [0.67209955837526147, 0.67003200609378877]]
[2.4208950367300162, 10.017166785639231, [0.69022905261584144, 0.68811769233047948]]
[2.3482681856281156, 10.017166785639231, [0.708508753714164, 0.70635308801425323]]
[2.2778201400592719, 10.017166785639231, [0.72693193715251891, 0.72473148096074169]]
[2.2094855358574939, 10.017166785639231, [0.74549163780664296, 0.74324591910333859]]
[2.1432009697817689, 10.017166785639231, [0.76418065890192632, 0.76188921944210797]]
[2.0789049406883158, 10.017166785639231, [0.78299158177543149, 0.78065397779638601]]
[2.0165377924676662, 10.017166785639231, [0.8019167764221542, 0.79953257933950073]]
[1.9560416586936362, 10.017166785639231, [0.82094841279942155, 0.81851720988944365]]
[1.8973604089328271, 10.017166785639231, [0.84007847285871684, 0.83759986792482521]]
[1.8404395966648421, 10.017166785639231, [0.85929876326985355, 0.85677237729100242]]
[1.7852264087648968, 10.017166785639231, [0.87860092879810314, 0.87602640055703107]]
[1.7316696165019498, 10.017166785639231, [0.89797646629079064, 0.89535345297996327]]
[1.6797195280068913, 10.017166785639231, [0.9174167392259881, 0.9147449170291635]]
[1.6293279421666844, 10.017166785639231, [0.93691299277231344, 0.93419205741971412]]
[1.5804481039016838, 10.017166785639231, [0.95645636930548872, 0.95368603660061835]]
[1.5330346607846332, 10.017166785639231, [0.97603792432434699, 0.97321793064054363]]
[1.4870436209610942, 10.017166785639231, [0.9956486427062754, 0.99277874545123057]]
[1.4424323123322613, 10.017166785639231, [1.0152794552398416, 1.0123594332863528]]
[1.3991593429622935, 10.017166785639231, [1.0349212553704847, 1.0319509094518595]]
[1.3571845626734247, 10.017166785639231, [1.0545649160937229, 1.0515440691623352]]
[1.3164690257932219, 10.017166785639231, [1.0742013069292646, 1.0711298044769293]]
[1.2769749550194252, 10.017166785639231, [1.093821310908988, 1.0906990212479133]]
[1.2386657063688424, 10.017166785639231, [1.1134158415115014, 1.1102426560147565]]
[1.2015057351777771, 10.017166785639231, [1.1329758594765154, 1.1297516927770723]]
[1.1654605631224437, 10.017166785639231, [1.1524923894329289, 1.1492171795805206]]
[1.1304967462287703, 10.017166785639231, [1.171956536275903, 1.1686302448510781]]
[1.096581843841907, 10.017166785639231, [1.1913595012298364, 1.1879821134147661]]
[1.0636843885266498, 10.017166785639231, [1.2106925975362408, 1.2072641221420057]]
[1.0317738568708503, 10.017166785639231, [1.2299472657080552, 1.2264677351583142]]
[1.0008206411647247, 10.017166785639231, [1.2491150882948074, 1.2455845585658829]]
[0.97079602192978287, 10.017166785639231, [1.2681878041061483, 1.2646063546237982]]
[0.94167214127188936, 10.017166785639231, [1.2871573218449188, 1.283525055338177]]
[0.91342197703373262, 10.017166785639231, [1.306015733104589, 1.3023327754172473]]
[0.88601931772272058, 10.017166785639231, [1.3247553246899797, 1.3210218245504541]]
[0.85943873819103889, 10.017166785639231, [1.3433685902243744, 1.3395847189748311]]
[0.83365557604530771, 10.017166785639231, [1.3618482410105013, 1.3580141922962869]]
[0.80864590876394848, 10.017166785639231, [1.3801872161173705, 1.3763032055379385]]
[0.78438653150102999, 10.017166785639231, [1.3983786916694969, 1.3944449563921519]]
[0.76085493555599903, 10.017166785639231, [1.4164160893196858, 1.4124328876575902]]
[0.73802928748931906, 10.017166785639231, [1.4342930838911303, 1.4302606948471448]]
[0.71588840886463945, 10.017166785639231, [1.4520036101791598, 1.4479223329572148]]
[0.69441175659870025, 10.017166785639231, [1.4695418689074833, 1.465412022393235]]
[0.67357940390073923, 10.017166785639231, [1.4869023318381542, 1.4827242540508063]]
[0.65337202178371701, 10.017166785639231, [1.5040797460387165, 1.4998537935559626]]
[0.63377086113020553, 10.017166785639231, [1.5210691373141385, 1.516795684672207]]
[0.6147577352962994, 10.017166785639231, [1.5378658128149398, 1.533545251885841]]
[0.59631500323741038, 10.017166785639231, [1.5544653628366922, 1.5500981021847338]]
[0.5784255531402881, 10.017166785639231, [1.5708636618294269, 1.5664501260491721]]
[0.56107278654607939, 10.017166785639231, [1.5870568686387097, 1.5825974976765151]]
[0.54424060294969701, 10.017166785639231, [1.6030414260030765, 1.5985366744643685]]
[0.52791338486120609, 10.017166785639231, [1.6188140593351095, 1.6142643957795748]]
[0.51207598331536985, 10.017166785639231, [1.634371774815838, 1.6297776810426707]]
[0.49671370381590874, 10.017166785639231, [1.6497118568341993, 1.64507382715952]]
[0.48181229270143144, 10.017166785639231, [1.6648318648050713, 1.6601504053336182]]
[0.4673579239203885, 10.017166785639231, [1.6797296294008681, 1.6750052572940111]]
[0.45333718620277685, 10.017166785639231, [1.6944032482329265, 1.689636490974979]]
[0.43973707061669354, 10.017166785639231, [1.7088510810198141, 1.7040424756846153]]
[0.42654495849819274, 10.017166785639231, [1.7230717442803458, 1.7182218367999573]]
[0.41374860974324695, 10.017166785639231, [1.7370641055895346, 1.7321734500268682]]
[0.40133615145094953, 10.017166785639231, [1.7508272774358073, 1.7458964352629034]]
[0.38929606690742102, 10.017166785639231, [1.7643606107177927, 1.7593901501013753]]
[0.37761718490019835, 10.017166785639231, [1.7776636879186329, 1.7726541830145306]]
[0.36628866935319238, 10.017166785639231, [1.7907363159953555, 1.7856883462532089]]
[0.35530000927259658, 10.017166785639231, [1.8035785190200766, 1.7984926684997296]]
[0.34464100899441868, 10.017166785639231, [1.8161905306090098, 1.8110673873098566]]
[0.33430177872458611, 10.017166785639231, [1.8285727861742505, 1.8234129413786999]]
[0.32427272536284851, 10.017166785639231, [1.8407259150321285, 1.8355299626642867]]
[0.31454454360196304, 10.017166785639231, [1.8526507324007162, 1.8474192684012571]]
[0.30510820729390414, 10.017166785639231, [1.8643482313177067, 1.8590818530358213]]
[0.29595496107508701, 10.017166785639231, [1.8758195745084103, 1.8705188801116173]]
[0.28707631224283436, 10.017166785639231, [1.8870660862321558, 1.8817316741346748]]
[0.27846402287554933, 10.017166785639231, [1.8980892441337796, 1.8927217124440683]]
[0.27011010218928283, 10.017166785639231, [1.9088906711253137, 1.9034906171132691]]
[0.26200679912360436, 10.017166785639231, [1.9194721273213318, 1.9140401469055874]]
[0.25414659514989624, 10.017166785639231, [1.9298355020497868, 1.9243721893054353]]
[0.24652219729539934, 10.017166785639231, [1.9399828059585236, 1.9344887526455294]]
[0.23912653137653736, 10.017166785639231, [1.9499161632360271, 1.9443919583484939]]
[0.23195273543524123, 10.017166785639231, [1.9596378039633218, 1.9540840332997205]]
[0.22499415337218398, 10.017166785639231, [1.9691500566124021, 1.9635673023667957]]
[0.21824432877101846, 10.017166785639231, [1.9784553407049548, 1.9728441810791768]]
[0.2116969989078879, 10.017166785639231, [1.9875561596436979, 1.9819171684803869]]
[0.20534608894065126, 10.017166785639231, [1.996455093727131, 1.9907888401634692]]
[0.19918570627243171, 10.017166785639231, [2.0051547933571396, 1.9994618414990781]]
[0.19321013508425874, 10.017166785639231, [2.0136579724475023, 2.0079388810642098]]
[0.18741383103173098, 10.017166785639231, [2.0219674020400946, 2.0162227242783293]]
[0.18179141610077904, 10.017166785639231, [2.0300859041343382, 2.0243161872523872]]
[0.17633767361775565, 10.017166785639231, [2.0380163457342819, 2.0322221308550765]]
[0.17104754340922299, 10.017166785639231, [2.0457616331166308, 2.0399434549996225]]
[0.16591611710694629, 10.017166785639231, [2.0533247063219862, 2.0474830931533319]]
[0.16093863359373789, 10.017166785639231, [2.0607085338706255, 2.0548440070711922]]
[0.15611047458592575, 10.017166785639231, [2.0679161077032457, 2.0620291817539433]]
[0.15142716034834797, 10.017166785639231, [2.0749504383462822, 2.0690416206301987]]
[0.14688434553789753, 10.017166785639231, [2.0818145503006567, 2.0758843409614571]]
[0.14247781517176061, 10.017166785639231, [2.0885114776521072, 2.0825603694681432]]
[0.13820348071660779, 10.017166785639231, [2.0950442599006314, 2.089072738174206]]
[0.13405737629510955, 10.017166785639231, [2.1014159380060105, 2.0954244804672215]]
[0.13003565500625627, 10.017166785639231, [2.1076295506458544, 2.1016186273704416]]
[0.12613458535606858, 10.017166785639231, [2.1136881306821631, 2.1076582040227874]]
[0.12235054779538652, 10.017166785639231, [2.1195947018320034, 2.1135462263623763]]
[0.11868003136152493, 10.017166785639231, [2.1253522755375367, 2.1192856980088233]]
[0.11511963042067917, 10.017166785639231, [2.1309638480303348, 2.1248796073392566]]
[0.1116660415080588, 10.017166785639231, [2.1364323975846746, 2.1303309247527489]]
[0.10831606026281702, 10.017166785639231, [2.1417608819542684, 2.135642600117615]]
[0.10506657845493252, 10.017166785639231, [2.1469522359867184, 2.1408175603958899]]
[0.10191458110128454, 10.017166785639231, [2.1520093694098681, 2.1458587074391535]]
[0.098857143668245995, 10.017166785639231, [2.1569351647840693, 2.1507689159497412]]
[0.09589142935819861, 10.017166785639231, [2.1617324756143756, 2.1555510316013531]]
[0.093014686477452646, 10.017166785639231, [2.1664041246165739, 2.1602078693130062]]
[0.090224245883129064, 10.017166785639231, [2.1709529021309826, 2.1647422116702435]]
[0.087517518506635195, 10.017166785639231, [2.1753815646779522, 2.1691568074875658]]
[0.084891992951436138, 10.017166785639231, [2.1796928336490189, 2.1734543705060565]]
[0.08234523316289305, 10.017166785639231, [2.1838893941277315, 2.177637578220216]]
[0.079874876168006259, 10.017166785639231, [2.1879738938342195, 2.1817090708281119]]
[0.077478629882966069, 10.017166785639231, [2.191948942187695, 2.1856714502990249]]
[0.07515427098647709, 10.017166785639231, [2.1958171094811214, 2.1895272795528675]]
[0.072899642856882774, 10.017166785639231, [2.1995809261624535, 2.1932790817457759]]
[0.070712653571176287, 10.017166785639231, [2.203242882216935, 2.1969293396563838]]
[0.068591273964040994, 10.017166785639231, [2.2068054266450887, 2.2004804951674313]]
[0.066533535745119762, 10.017166785639231, [2.2102709670311746, 2.2039349488374915]]
[0.064537529672766172, 10.017166785639231, [2.2136418691970259, 2.2072950595577545]]
[0.062601403782583179, 10.017166785639231, [2.2169204569363439, 2.2105631442889417]]
[0.060723361669105684, 10.017166785639231, [2.2201090118246554, 2.2137414778735987]]
[0.05890166081903251, 10.017166785639231, [2.2232097731003457, 2.2168322929191659]]
[0.057134610994461536, 10.017166785639231, [2.2262249376122742, 2.2198377797473712]]
[0.055420572664627687, 10.017166785639231, [2.2291566598297137, 2.2227600864056805]]
[0.053757955484688855, 10.017166785639231, [2.2320070519104513, 2.2256013187366754]]
[0.052145216820148187, 10.017166785639231, [2.2347781838231024, 2.2283635405014097]]
[0.050580860315543742, 10.017166785639231, [2.237472083519811, 2.231048773552935]]
[0.049063434506077426, 10.017166785639231, [2.2400907371557079, 2.2336589980563848]]
[0.0475915314708951, 10.017166785639231, [2.2426360893516115, 2.2361961527521079]]
[0.046163785526768246, 10.017166785639231, [2.2451100434966587, 2.2386621352585467]]
[0.044778871960965194, 10.017166785639231, [2.247514462087671, 2.241058802411688]]
[0.043435505802136239, 10.017166785639231, [2.249851167102225, 2.2433879706380604]]
[0.04213244062807215, 10.017166785639231, [2.2521219404025472, 2.2456514163584065]]
[0.040868467409229982, 10.017166785639231, [2.2543285241674855, 2.2478508764192933]]
[0.039642413386953082, 10.017166785639231, [2.2564726213499542, 2.2499880485500729]]
[0.03845314098534449, 10.017166785639231, [2.2585558961573882, 2.2520645918427351]]
[0.037299546755784153, 10.017166785639231, [2.2605799745528716, 2.2540821272523157]]
[0.036180560353110625, 10.017166785639231, [2.2625464447747192, 2.2560422381156702]]
[0.035095143542517304, 10.017166785639231, [2.2644568578724407, 2.2579464706865293]]
[0.034042289236241786, 10.017166785639231, [2.2663127282571094, 2.2597963346848733]]
[0.033021020559154533, 10.017166785639231, [2.2681155342642789, 2.2615933038587865]]
[0.032030389942379896, 10.017166785639231, [2.2698667187277164, 2.2633388165570425]]
[0.031069478244108498, 10.017166785639231, [2.2715676895623038, 2.265034276310808]]
[0.030137393896785242, 10.017166785639231, [2.2732198203545684, 2.2666810524229111]]
[0.029233272079881682, 10.017166785639231, [2.2748244509594202, 2.2682804805632615]]
