0.595252933394
0.0897342980581
0.844894932748
0.221716029315
0.720349693489
0.950295674945
0.740294918965
0.593457344651
0.511997840966
0.89971584594
0.158053474792
0.764709147091
0.291186487948
0.49716745591
0.926055979962
0.391229436811
0.664004458531
0.782761734299
0.963068524672
0.669769174107
0.913703650134
0.530388070019
0.47575370583
0.497792244118
0.0951470545351
0.591806568128
0.274931636759
0.416777289539
0.778055274673
0.477809191545
0.998972999649
0.658612222366
0.801195279117
0.00130675168247
0.760753889802
0.303368966895
0.703680848937
0.535732330364
0.736925464654
0.331862800715
0.000106397670827
0.604577163236
0.799104931587
0.202603999556
0.0889347363054
0.323003145645
0.703845124096
0.168525388887
0.159003844658
0.177904584512
0.138380692662
0.729567940354
0.845950649268
0.240490534931
0.920049507506
0.157890410677
0.493213802873
0.23163192844
0.82026804716
0.97028045713
0.113938432891
0.909189133967
0.378795858324
0.694741174668
0.524165534156
0.353647417834
0.258556790606
0.211943496784
0.835215966886
0.838681819873
0.585578592464
0.111900073691
0.0370008002873
0.698305924157
0.888292926111
0.837026077922
0.701841656567
0.365905682056
0.678452644168
0.675697480205
0.317344357035
0.0969860398738
0.840181524365
0.0955725947804
0.769657815854
0.697450428617
0.0704227092777
0.145451945811
0.683698524782
0.0185054804238
0.744599731078
0.782083555268
0.947948814743
0.348408233149
0.637202063989
0.638780139245
0.812599150846
0.471670994793
0.404449977403
0.955836924997
